20241201000001
20250106000000
20250123000000
20250123000001
20250123000001
20250123000002
20250123000003
20250123000004
20250123000005
20250125000001
20250906201046
20250906201252
20250906202838
20250906203251
20250906203355
20250906203455
20250906203528
20250906203617
20250906203640
20250906203655
20250906203728
20250906203830
20250906204223
20250906204323
20250906204354
20250906204409
20250906204437
20250906210827
20250906212604
20250906212642
20250906230926
20250906230951
20250906233307
20250907024118
20250907024136
20250907024432
20250907024504
20250907133428
20250907161933
20250907162920
20250907162942
20250907163011
20250907163500
20250907163530
20250907163551
20250907165722
20250907170130
20250907170338
20250907170409
20250907170443
20250907170553
20250907171421
20250907172200
20250907194733
20250908003550
20250908003634
20250908005340
20250908020031
20250908020536
20250908020846
20250908020906
20250908020923
20250908020945
20250908021015
20250908021034
20250908021116
20250908021132
20250908021149
20250908022044
20250908022103
20250908022126
20250908022146
20250908030633
20250908030647
20250908030720
20250908053247
20250908053307
20250908053931
20250908055820
20250908055857
20250908055922
20250908060045
20250908060220
20250908060727
20250908062322
20250908062413
20250908133637
20250908151854
20250908152409
20250908160014
20250908160044
20250908163014
20250908173059
20250908173221
20250908182843
20250908182901
20250908182924
20250908182952
20250908183012
20250908183035
20250908183154
20250908190802
20250908191150
20250908200951
20250908202903
20250908202945
20250908203006
20250908213049
20250908214231
20250908214839
20250908220622
20250908220637
20250908220658
20250908220719
20250908220746
20250908220811
20250908220831
20250908221436
20250908221642
20250908222429
20250908230000
20250908234351
20250908235755
20250909005108
20250909005448
20250909005609
20250909005717
20250909005831
20250909005902
20250909005959
20250909010023
20250909010100
20250909010131
20250909010256
20250909010324
20250909010419
20250909010454
20250909010556
20250909011337
20250909015339
20250909015450
20250909015610
20250909015725
20250909220825
20250910040051
20250910060509
20250910060613
20250910182635
20250910182734
20250910182834
20250910183029
20250910203020
20250910213000
20250916000001
20250917000001
20250918000001
20250922000001
20250922120000
20250922130000
20250922230000
20250926000001
20250926000002
20250926000003
20250926000004
20250929000000
20250929000001
20250929000002
20250929000003
20250930000001
20250930000002
20250930000002
20250930213200
20251002135038
20251004114143
20251004114214
20251006000000
20251006000001
20251006220000
20251006222000
20251008160000
20251008164500
20251011000000
20251013000000
20251014000000
20251014000001
20251014000002
20251016000000
20251016000001
20251016000001
20251016000002
20251016000002
20251016000003
20251016000003
20251016000004
20251016000004
20251016000005
20251016000005
20251016000006
20251016000007
20251016000008
20251016000009
20251016000010
20251016000011
20251016000012
20251016174734
20251016174735
20251017000000
20251017171400
20251017171500
20251018000000
20251018000001
20251020000000
20251020151655
20251020155001
20251020160035
20251020200000
20251021000001
20251021000002
20251021000003
20251021000004
20251021215327
20251021215523
20251021220619
20251021221150
20251022000000
20251022035331
20251022210105
20251022215052
20251022232030
20251022232628
20251023000000
20251023000001
20251024185501
20251024192905
20251024215234
20251024220000
20251024220100
20251024220200
20251024230000
20251024230100
20251024230200
20251024230300
20251024230400
20251024230500
20251025000000
20251025000000
20251025000001
20251025000001
20251025144510
20251025144510
20251025144510
20251025172016
20251026000000
20251026000000
20251026000000
20251026171318
20251026171318
20251026171318
20251026171318
20251028000000
20251028000947
20251028180000
20251028180001
20251028180002
20251028180003
20251028200000
20251029000000
20251029000001
20251029000001
20251029000002
20251029000003
20251029000003
20251030000000
20251031000000
20251031000001
20251031000001
20251031000002
20251031000003
20251031000004
20251031000005
20251101000000
20251101000000
20251101000001
20251101232000
20251101235500
20251101235501
20251102000000
20251102000001
20251102000002
20251103000000
20251103000001
20251103000001
20251103000001
20251103000002
20251103000002
20251103000003
20251103000003
20251103000004
20251103000004
20251103000004
20251103000005
20251103000005
20251103000006
20251103000007
20251103000008
20251103000009
20251103000010
20251103000010
20251104000000
20251104000000
20251104000000
20251104000001
20251104000002
20251104000003
20251104000004
20251104070000
20251105000000
20251105000001
20251105000002
20251105000003
20251105000004
20251107000000
20251107000001
20251107000002
20251108000001
20251108000002
20251108000003
20251108000004
20251108000005
20251108000006
20251108000007
20251109000001
20251109000002
20251110000000
20251112000001
20251112000002
20251112000003
20251112000004
20251112000005
20251113000000
20251114000001
20251115000000
20251115000001
20251115000002
20251115000003
20251115000004
20251117000001
20251117000002
20251117000003
20251117000004
20251117000005
20251117000006
20251117000007
20251117000008
20251118000001
20251118000002
20251119000000
20251119000001
20251119164201
20251120000000
20251120000001
20251121000000
20251121000001
20251122000001
20251122000001
20251122000002
20251122000002
20251122000003
20251122000004
20251122230000
20251122235000
20251122235000
20251123000000
20251123000001
20251124000000
20251124141700
20251124170959
20251124171040
